2.722981 -0.047237 0.194988
2.864638 -0.302250 0.286217
2.961025 -0.039153 0.317054
2.876978 0.014142 0.392231
2.767852 -0.030958 0.382790
2.826976 -0.048434 0.280187
2.694860 -0.134219 0.320131
2.908360 -0.164693 0.232899
2.697939 -0.126623 0.230510
2.837924 -0.204096 0.182289
2.857722 -0.011793 0.467127
2.881225 -0.226792 0.276239
2.810744 -0.212355 0.529902
2.762357 -0.132384 0.102873
2.533153 -0.077891 0.045631
2.893966 -0.002882 0.075755
2.826723 0.047574 0.440679
2.791386 -0.292980 0.311412
2.842022 -0.188462 0.418404
2.820101 -0.123593 0.271413
2.782161 -0.502249 0.226570
2.993921 -0.031938 0.354709
2.654307 -0.041343 0.241240
2.754484 0.012400 0.346222
2.713506 -0.236174 0.508275
2.871009 -0.139163 0.406819
2.861834 -0.226902 0.325231
2.900660 -0.048142 0.257711
3.024249 -0.174207 0.275195
2.813636 -0.100894 0.279996
2.624074 -0.206962 0.314186
2.825909 -0.142496 0.488013
2.813834 -0.100985 0.145429
2.656296 -0.132074 0.454695
2.841397 -0.120847 0.377219
2.766496 -0.203600 0.420613
2.770243 -0.061583 0.405321
2.900332 -0.175310 0.312299
2.881880 -0.349650 0.270785
2.846167 -0.077695 0.242049
2.954924 -0.016226 0.295628
2.674976 -0.342798 0.162002
2.806578 -0.342195 0.115862
2.752718 -0.177809 0.303265
2.740833 -0.174031 0.408479
2.773451 -0.419514 0.292723
2.661941 -0.409795 0.298326
2.814335 -0.264560 0.292025
2.754947 -0.246291 0.320273
2.782383 -0.516081 0.262361
2.685716 -0.393862 0.190793
2.691029 -0.369992 0.360051
2.652198 -0.252608 0.287580
2.781904 -0.322443 0.458770
2.540476 -0.507334 0.380797
2.379312 -0.450727 0.235832
2.655894 -0.484016 0.322296
2.631813 -0.399297 0.276058
2.579800 -0.345211 0.188350
2.713896 -0.546626 0.314983
2.552301 -0.325212 0.287492
2.704181 -0.327410 0.325564
2.716266 -0.381146 0.309827
2.444567 -0.561778 0.072401
2.349245 -0.314294 0.275676
2.700072 -0.484202 0.217134
2.638021 -0.472376 0.127857
2.476373 -0.386591 0.228945
2.403094 -0.403290 0.300341
2.571604 -0.376733 0.291088
2.496273 -0.533119 0.236568
2.472121 -0.590475 0.206570
2.372640 -0.446614 0.203236
2.396587 -0.543809 0.200713
2.412040 -0.720660 0.328140
2.222197 -0.616733 0.225760
2.322559 -0.483886 0.454899
2.641775 -0.550432 0.357058
2.331926 -0.378823 0.270466
2.528174 -0.420815 0.438618
2.358716 -0.539981 0.325458
2.323392 -0.657811 0.256869
2.249818 -0.577565 0.330304
2.120914 -0.666711 0.377047
2.241524 -0.811329 0.243501
2.317422 -0.798537 0.225450
2.214751 -0.604815 0.398636
2.248205 -0.502958 0.161279
2.148145 -0.699832 0.277712
2.062686 -0.666581 0.235507
2.100589 -0.531697 0.282878
2.145586 -0.611770 0.358147
2.202762 -0.756512 0.389470
2.063579 -0.760906 0.308434
1.968340 -0.559208 0.234557
1.705380 -0.536821 0.467966
2.030704 -0.654687 0.076585
2.059152 -0.666842 0.137926
2.083386 -0.816867 0.226946
1.836745 -0.507068 0.278994
2.037905 -0.831149 0.374837
1.921136 -0.635581 0.207343
1.708595 -0.767481 0.316425
2.100512 -0.667915 0.313538
1.824095 -0.660131 0.221875
1.669409 -0.653120 0.170108
2.038994 -0.709201 0.097982
1.760054 -0.962698 0.358548
1.591027 -0.466379 0.381453
1.543742 -0.812943 0.247463
1.783738 -0.576237 0.266645
1.606655 -0.662332 0.276996
1.763434 -0.702156 0.380983
1.654209 -0.752225 0.374986
1.625577 -0.716654 0.235627
1.593442 -0.774710 0.320533
1.434942 -0.682511 0.391226
1.680308 -0.734481 0.342376
1.293621 -0.892358 0.240993
1.192699 -0.684374 0.293419
1.553926 -0.791418 0.316127
1.491765 -0.783244 0.282957
1.605730 -0.799776 0.235203
1.477216 -0.789007 0.146964
1.490525 -0.810182 0.191636
1.333760 -0.937730 0.316772
1.457005 -0.717938 0.297427
1.269283 -0.690293 0.290218
1.312697 -1.021027 0.221604
1.443407 -0.740311 0.346851
1.480506 -0.716294 0.310367
1.339799 -0.542380 0.241479
1.196307 -0.909422 0.320345
1.211587 -0.688720 0.397039
1.155850 -0.784199 0.455196
1.263069 -0.638022 0.233440
1.002951 -0.736498 0.294221
1.268740 -0.773999 0.432887
1.265546 -0.951982 0.389283
1.186892 -0.994726 -0.033483
1.099624 -0.725936 0.542465
1.081774 -0.774108 0.320373
1.084991 -0.945275 0.258520
1.071471 -0.921079 0.429068
0.831734 -0.983785 0.210091
0.968485 -0.769317 0.177069
1.002633 -0.847183 0.457554
0.853673 -0.762306 0.385502
1.043629 -0.848195 0.422919
0.789128 -0.800482 0.406091
0.801040 -0.452677 0.269463
0.852353 -0.834682 0.248464
0.648371 -0.911202 0.289553
0.910732 -0.865410 0.271103
0.772488 -0.871893 0.547983
0.910352 -1.005074 0.353517
0.909316 -0.698699 0.400164
0.899808 -1.069239 0.229251
0.764990 -0.910661 0.220256
0.676927 -0.897082 0.423646
0.531565 -0.873515 0.283867
0.605496 -0.828214 0.315335
0.628064 -0.639095 0.406295
0.453090 -0.879172 0.473697
0.721839 -0.712522 0.480669
0.742388 -1.062717 0.134820
0.751804 -0.939528 0.233418
0.400953 -0.932874 0.374200
0.532567 -0.925336 0.302752
0.484735 -0.879038 0.243007
0.290105 -1.065114 0.282817
0.520351 -0.783586 0.451511
0.495379 -0.843018 0.363785
0.507176 -0.855269 0.436856
0.368288 -1.043318 0.377288
0.442263 -0.762678 0.327713
0.461234 -0.822972 0.432887
0.324562 -0.847633 0.188560
0.298585 -0.621819 0.264058
0.260498 -0.795133 0.366083
0.205187 -0.969068 0.324476
0.244229 -0.894270 0.396381
0.380169 -0.840931 0.235147
0.237643 -0.776565 0.383833
0.076640 -0.857197 0.152759
0.245873 -1.061251 0.255026
0.042132 -0.653790 0.090119
0.163880 -0.936350 0.264160
0.156833 -0.777398 0.275698
0.147195 -0.848185 0.270795
0.233175 -0.875431 0.252083
0.152546 -1.160982 0.429514
0.073043 -0.697702 0.428514
0.002867 -1.017146 0.336643
-0.178191 -1.025478 0.339289
-0.298666 -0.926124 0.217102
0.122772 -0.886990 0.218739
0.047054 -0.944775 0.258717
-0.219598 -0.881485 0.420903
-0.091257 -0.720954 0.335564
-0.213376 -0.771583 0.215650
-0.131333 -0.859376 0.380148
-0.364534 -0.962339 0.353811
-0.287539 -1.012875 0.282532
-0.190278 -0.877349 0.285157
-0.302956 -0.869653 0.206475
-0.205381 -0.888401 0.254210
-0.380750 -0.874298 0.266403
-0.360566 -0.889364 0.213569
-0.404023 -0.921074 0.411009
-0.374106 -0.778119 0.401209
-0.234725 -0.896700 0.357166
-0.395234 -0.736712 0.156011
-0.461853 -0.977450 0.107805
-0.424232 -0.957885 0.201168
-0.573677 -0.833890 0.417004
-0.700103 -0.947362 0.342285
-0.543563 -0.909088 0.299455
-0.552384 -0.828017 0.254621
-0.526216 -0.748666 0.276735
-0.511139 -0.798647 0.342972
-0.437556 -0.822983 0.316953
-0.787409 -0.785251 0.133429
-0.400583 -0.919199 0.392243
-0.621871 -0.987137 0.197476
-0.877526 -0.872886 0.300118
-0.711238 -0.808304 0.166585
-0.811701 -0.969134 0.336814
