2.722981 -0.047237 0.194988
2.864638 -0.302250 0.286217
2.961025 -0.039153 0.317054
2.876978 0.014142 0.392231
2.767852 -0.030958 0.382790
2.826976 -0.048434 0.280187
2.694860 -0.134219 0.320131
2.908360 -0.164693 0.232899
2.697939 -0.126623 0.230510
2.837924 -0.204096 0.182289
2.857722 -0.011793 0.467127
2.881225 -0.226792 0.276239
2.810745 -0.212355 0.529902
2.762357 -0.132384 0.102873
2.533190 -0.077898 0.045632
2.893998 -0.003202 0.075757
2.826696 0.046624 0.440682
2.791244 -0.294899 0.311416
2.841714 -0.191646 0.418409
2.819566 -0.128419 0.271420
2.781333 -0.509111 0.226578
2.992738 -0.041165 0.354718
2.652718 -0.053207 0.241250
2.752463 -0.002151 0.346234
2.711042 -0.253414 0.508287
2.868095 -0.159078 0.406831
2.858530 -0.248906 0.325244
2.897066 -0.071630 0.257723
3.020432 -0.198899 0.275206
2.809628 -0.126600 0.280006
2.619901 -0.233473 0.314195
2.821599 -0.169624 0.488021
2.809386 -0.128521 0.145436
2.650826 -0.159790 0.454700
2.833996 -0.148556 0.377224
2.756954 -0.231133 0.420617
2.758535 -0.088779 0.405324
2.886477 -0.201977 0.312302
2.866154 -0.375951 0.270788
2.828867 -0.103877 0.242051
2.936327 -0.042331 0.295629
2.655300 -0.368524 0.162003
2.785878 -0.366963 0.115863
2.730973 -0.200893 0.303266
2.718172 -0.195067 0.408480
2.749933 -0.438100 0.292724
2.637554 -0.426045 0.298327
2.789115 -0.278675 0.292026
2.728972 -0.258448 0.320274
2.755642 -0.526342 0.262362
2.658178 -0.402208 0.190794
2.662711 -0.376449 0.360051
2.623153 -0.257232 0.287580
2.752170 -0.325273 0.458770
2.510140 -0.508462 0.380797
2.348494 -0.450210 0.235832
2.624658 -0.481870 0.322296
2.600192 -0.395534 0.276057
2.547740 -0.339818 0.188350
2.681406 -0.539534 0.314983
2.519390 -0.316369 0.287492
2.670885 -0.316709 0.325565
2.682618 -0.368503 0.309827
2.410596 -0.547121 0.072401
2.314974 -0.297571 0.275676
2.665558 -0.465304 0.217134
2.603297 -0.451248 0.127858
2.441483 -0.363158 0.228945
2.368094 -0.377470 0.300341
2.536543 -0.348456 0.291088
2.461207 -0.502316 0.236569
2.437086 -0.557103 0.206570
2.337684 -0.410623 0.203236
2.361781 -0.505117 0.200713
2.377433 -0.679224 0.328140
2.187827 -0.572526 0.225760
2.288493 -0.436844 0.454899
2.608093 -0.500483 0.357058
2.298685 -0.325930 0.270466
2.495456 -0.364911 0.438618
2.326580 -0.481032 0.325458
2.291884 -0.595803 0.256869
2.218978 -0.512484 0.330304
2.090812 -0.598517 0.377047
2.212210 -0.740007 0.243501
2.288934 -0.724085 0.225450
2.187149 -0.527209 0.398636
2.221580 -0.422148 0.161279
2.122576 -0.615783 0.277712
2.038204 -0.579310 0.235507
2.077253 -0.441191 0.282878
2.123476 -0.518000 0.358147
2.181925 -0.659485 0.389470
2.044044 -0.660640 0.308433
1.950157 -0.455706 0.234556
1.688638 -0.430052 0.467966
2.015463 -0.544651 0.076585
2.045445 -0.553562 0.137926
2.071259 -0.700356 0.226946
1.826221 -0.387356 0.278993
2.029083 -0.708203 0.374837
1.914015 -0.509459 0.207343
1.703248 -0.638172 0.316425
2.096965 -0.535451 0.313538
1.822409 -0.524517 0.221875
1.669631 -0.514373 0.170108
2.041167 -0.567341 0.097982
1.764212 -0.817754 0.358548
1.597160 -0.318411 0.381453
1.551975 -0.661905 0.247463
1.794058 -0.422200 0.266645
1.619136 -0.505290 0.276996
1.778101 -0.542149 0.380982
1.671088 -0.589286 0.374985
1.644693 -0.550820 0.235627
1.614833 -0.606006 0.320533
1.458632 -0.510973 0.391226
1.706342 -0.560127 0.342375
1.322026 -0.715225 0.240993
1.223472 -0.504517 0.293418
1.587131 -0.608838 0.316127
1.527419 -0.597985 0.282957
1.643860 -0.611871 0.235202
1.517846 -0.598488 0.146964
1.533684 -0.617082 0.191636
1.379470 -0.742083 0.316772
1.505266 -0.519794 0.297427
1.320158 -0.489654 0.290218
1.366221 -0.817923 0.221604
1.499542 -0.534802 0.346851
1.539319 -0.508392 0.310367
1.401324 -0.332116 0.241479
1.260597 -0.696807 0.320345
1.278599 -0.473804 0.397038
1.225635 -0.567022 0.455196
1.335632 -0.418632 0.233440
1.078337 -0.514911 0.294221
1.346951 -0.550265 0.432887
1.346593 -0.726139 0.389283
1.270756 -0.766832 -0.033483
1.186311 -0.496027 0.542465
1.171348 -0.542179 0.320373
1.177467 -0.711365 0.258520
1.166833 -0.685241 0.429068
0.929996 -0.746050 0.210091
1.069650 -0.529722 0.177069
1.106755 -0.605730 0.457554
0.960758 -0.519034 0.385502
1.153705 -0.603127 0.422919
0.902195 -0.553660 0.406091
0.917116 -0.204127 0.269463
0.971515 -0.584421 0.248464
0.770569 -0.659255 0.289553
1.035954 -0.611837 0.271103
0.900751 -0.616724 0.547983
1.041667 -0.748340 0.353517
1.043671 -0.440444 0.400164
1.037266 -0.809453 0.229251
0.905503 -0.649371 0.220256
0.820525 -0.634340 0.423646
0.678263 -0.609348 0.283867
0.755307 -0.562646 0.315335
0.781008 -0.372148 0.406295
0.609212 -0.610867 0.473697
0.881107 -0.442893 0.480669
0.904837 -0.791782 0.134820
0.917382 -0.667310 0.233418
0.569683 -0.659421 0.374200
0.704458 -0.650674 0.302752
0.659798 -0.603189 0.243007
0.468356 -0.788097 0.282817
0.701765 -0.505439 0.451511
0.680011 -0.563740 0.363785
0.695029 -0.574887 0.436856
0.559366 -0.761859 0.377288
0.636537 -0.480177 0.327713
0.658758 -0.539439 0.432887
0.525338 -0.563086 0.188560
0.502612 -0.336285 0.264058
0.467823 -0.508645 0.366083
0.415788 -0.681641 0.324476
0.458076 -0.605935 0.396381
0.597277 -0.551703 0.235147
0.458029 -0.486458 0.383833
0.300322 -0.566239 0.152759
0.472841 -0.769458 0.255026
0.272356 -0.361191 0.090119
0.397430 -0.642979 0.264160
0.393674 -0.483258 0.275698
0.387353 -0.553295 0.270795
0.476647 -0.579803 0.252083
0.399329 -0.864633 0.429514
0.323090 -0.400649 0.428514
0.256257 -0.719425 0.336643
0.078500 -0.727103 0.339289
-0.038678 -0.627110 0.217102
0.386075 -0.587343 0.218739
0.313689 -0.644507 0.258717
0.050366 -0.580618 0.420903
0.182046 -0.419498 0.335564
0.063300 -0.469571 0.215650
0.148715 -0.556821 0.380148
-0.081127 -0.659249 0.353811
-0.000793 -0.709265 0.282532
0.099800 -0.573239 0.285157
-0.009521 -0.565049 0.206475
0.091420 -0.583318 0.254210
-0.080583 -0.568750 0.266403
-0.057028 -0.583365 0.213569
-0.097114 -0.614637 0.411009
-0.063829 -0.471257 0.401209
0.078948 -0.589440 0.357166
-0.078180 -0.429055 0.156011
-0.141391 -0.669421 0.107805
-0.100398 -0.649489 0.201168
-0.246470 -0.525135 0.417004
-0.369501 -0.638266 0.342285
-0.209579 -0.599657 0.299455
-0.215013 -0.518261 0.254621
-0.185438 -0.438604 0.276734
-0.166937 -0.488297 0.342972
-0.089933 -0.512356 0.316953
-0.436370 -0.474357 0.133429
-0.046122 -0.608051 0.392243
-0.264006 -0.675735 0.197476
-0.516271 -0.561239 0.300118
-0.346576 -0.496423 0.166585
-0.443614 -0.657039 0.336814
-0.197703 -0.511999 0.178970
-0.259353 -0.690862 0.162372
-0.416775 -0.644969 0.263055
-0.318946 -0.597087 0.286668
-0.327053 -0.587379 0.342673
-0.338667 -0.536572 0.298794
-0.374235 -0.490081 0.248701
-0.521455 -0.569276 0.287391
-0.486726 -0.714956 0.381796
-0.462218 -0.747152 0.466381
-0.609890 -0.546506 0.288447
-0.402815 -0.799456 0.390720
-0.543358 -0.528299 0.426953
-0.607208 -0.754484 0.298351
-0.636403 -0.312336 0.370729
-0.677705 -0.723725 0.381803
-0.555635 -0.637282 0.306089
-0.617680 -0.639218 0.517125
-0.340646 -0.542401 0.320697
-0.580480 -0.735194 0.326328
-0.817782 -0.607897 0.365877
-0.825088 -0.421658 0.325824
-1.015869 -0.631155 0.332187
-0.919379 -0.623456 0.484241
-0.825872 -0.758278 0.389177
-0.806664 -0.506586 0.261510
-0.722027 -0.545766 0.173644
-0.612389 -0.686148 0.326321
-0.847983 -0.641853 0.156746
-0.877207 -0.466495 0.509046
-0.751839 -0.617684 0.341002
-1.051246 -0.531469 0.172332
-0.997984 -0.638884 0.230434
-0.990981 -0.445448 0.336758
-0.945115 -0.560177 0.206580
-0.870346 -0.486764 0.366584
-1.002965 -0.641931 0.440636
-1.013113 -0.534560 0.363891
-0.859509 -0.538939 0.330804
-1.145544 -0.422713 0.041090
-0.965886 -0.659842 0.291160
-1.142452 -0.350567 0.465382
-0.962402 -0.406287 0.398102
-1.236266 -0.569408 0.218811
-0.979440 -0.608015 0.299286
-1.083693 -0.539854 0.532220
-1.294326 -0.733976 0.182683
-1.209549 -0.534385 0.244319
-1.043929 -0.652437 0.157713
-1.081988 -0.580093 0.467800
-1.150711 -0.605879 0.221046
-1.179756 -0.775666 0.115242
-1.108330 -0.514386 0.360425
-1.220757 -0.604408 0.264336
-1.509335 -0.497883 0.191155
-1.326149 -0.424050 0.215878
-1.418351 -0.630698 0.305506
-1.320704 -0.425107 0.409173
-1.376501 -0.600550 0.284895
-1.448873 -0.547868 0.278652
-1.456900 -0.657697 0.306563
-1.350801 -0.572785 0.311705
-1.553238 -0.656029 0.052487
-1.461436 -0.498563 0.497535
-1.379459 -0.664772 0.116549
-1.457759 -0.636592 0.401000
-1.625377 -0.574166 0.340796
-1.655537 -0.614695 0.213976
-1.345423 -0.588595 0.278335
-1.563345 -0.522480 0.104329
-1.634188 -0.663336 0.323623
-1.512336 -0.636510 0.373958
-1.701802 -0.523247 0.197240
-1.794733 -0.541788 0.250647
-1.671419 -0.553970 0.488206
-1.737054 -0.705943 0.277359
-1.660352 -0.495590 0.299177
-1.720121 -0.478947 0.269331
-1.818377 -0.612873 0.180557
-1.820293 -0.491604 0.319201
-1.802294 -0.427369 0.231486
-1.843278 -0.542201 0.269230
-1.759118 -0.481677 0.108556
-1.880688 -0.433199 0.471177
-1.842061 -0.356172 0.237652
-1.862279 -0.473222 0.203320
-1.943869 -0.576127 0.349324
-1.831655 -0.469460 0.232513
-1.982471 -0.606810 0.476307
-1.818822 -0.448819 0.434864
-1.940335 -0.511399 0.153730
-1.877831 -0.363388 0.322960
-2.038402 -0.486469 0.229584
-1.895967 -0.382829 0.173009
-2.099482 -0.534875 0.146596
-2.006359 -0.532118 0.383133
-2.072014 -0.522841 0.384328
-2.045352 -0.489320 0.240340
-2.004303 -0.830024 0.134116
-2.050209 -0.516038 0.277198
-2.251688 -0.506800 0.270375
-2.218166 -0.614547 0.287431
-2.089462 -0.663013 0.342109
-2.216178 -0.449124 0.194085
-1.953761 -0.499348 0.459640
-2.106847 -0.636702 0.500652
-2.396823 -0.563533 0.305660
-2.395293 -0.794924 0.091741
-2.254070 -0.689086 0.263895
-2.419515 -0.452661 0.345151
-2.354844 -0.433839 0.357319
-2.242587 -0.355991 0.264645
-2.469889 -0.434815 0.317108
-2.457155 -0.434215 0.313517
-2.344529 -0.505131 0.181342
-2.362332 -0.624917 0.174611
-2.484657 -0.295610 0.358266
-2.377137 -0.610698 0.228997
-2.426004 -0.520745 0.381236
-2.333386 -0.614422 0.257283
-2.484766 -0.353665 0.266357
-2.563302 -0.607352 0.348060
-2.514926 -0.494578 0.455845
-2.465263 -0.384902 0.303497
-2.497184 -0.510803 0.375395
-2.574845 -0.462094 0.314244
-2.522590 -0.576653 0.109011
-2.585297 -0.347119 0.278519
-2.701047 -0.850928 0.404969
-2.728929 -0.516182 0.326430
-2.748481 -0.695328 0.239043
-2.809271 -0.723650 0.372597
-2.548907 -0.394452 0.264976
-2.577979 -0.610843 0.145312
-2.819025 -0.566579 0.287128
-2.730600 -0.457899 0.201657
-2.656613 -0.401762 0.297357
-2.852677 -0.493995 0.271269
-2.903768 -0.632353 0.192142
-2.963239 -0.539538 0.056169
-2.879121 -0.588863 0.224148
-2.872262 -0.567470 0.443385
-2.896861 -0.285445 0.340127
-2.994584 -0.452191 0.345364
-2.816073 -0.539803 0.159750
-2.864578 -0.441829 0.454448
-2.980684 -0.474658 0.364223
-2.913634 -0.474897 0.354544
-2.788329 -0.497552 0.109076
-3.015071 -0.520287 0.245221
-2.911890 -0.492135 0.519302
-3.107562 -0.438572 0.289196
-3.024875 -0.685907 0.315799
-3.103171 -0.665158 0.262784
-3.114875 -0.338072 0.368149
-3.121926 -0.423051 0.204966
-3.121992 -0.501460 0.285731
-3.189149 -0.600338 0.413014
-3.109250 -0.430304 0.258652
-3.150010 -0.453767 0.272212
-3.132923 -0.411455 0.233157
-3.234926 -0.398859 0.188224
-3.156512 -0.451964 0.444017
-3.190271 -0.224807 0.215138
-3.071295 -0.348312 0.402796
-3.412922 -0.318743 0.272686
-3.083314 -0.574588 0.177853
-3.480095 -0.300000 0.333507
-3.314473 -0.571442 0.288943
-3.234645 -0.540965 0.400891
-3.230226 -0.503352 0.192753
-3.331162 -0.700092 0.288640
-3.419592 -0.543029 0.403717
-3.476805 -0.702343 0.306172
-3.452206 -0.492808 0.501650
-3.353878 -0.603020 0.146386
-3.500280 -0.546489 0.244574
-3.568988 -0.442542 0.480122
-3.491912 -0.569205 0.418686
-3.539255 -0.411703 0.134408
-3.438638 -0.652048 0.109103
-3.486943 -0.423208 0.274291
-3.682921 -0.595723 0.099675
-3.549187 -0.456422 0.086250
-3.518233 -0.494485 0.347969
-3.448065 -0.505751 0.346791
-3.701417 -0.574008 0.252203
-3.830418 -0.465481 0.122388
-3.692587 -0.415449 0.148130
-3.672390 -0.482068 0.285215
-3.610185 -0.525958 0.513423
-3.578506 -0.481929 0.459617
-3.668639 -0.458375 0.270085
-3.845511 -0.524946 0.251973
-3.770311 -0.716331 0.277196
-3.739634 -0.583026 0.138534
-3.806855 -0.496916 0.271342
-3.894705 -0.254301 0.038386
-3.954111 -0.451155 0.231930
-3.713088 -0.424091 0.428421
-3.943013 -0.653628 0.513521
-4.006308 -0.312105 0.421363
-3.951860 -0.703877 0.307505
-3.849234 -0.497206 0.420404
-4.176792 -0.466624 0.477586
-3.815249 -0.414961 0.319292
-3.956621 -0.202708 0.117615
-4.109885 -0.511568 0.300799
-3.940917 -0.463278 0.407324
-3.989869 -0.501023 0.322231
-3.829724 -0.512957 0.287133
-3.888538 -0.636487 0.352867
-4.082421 -0.620943 0.425194
-4.016408 -0.486046 0.432326
-4.213825 -0.450222 0.285436
-4.228177 -0.511041 0.532228
-3.811579 -0.553793 0.199190
-3.935062 -0.543721 0.301036
-4.396959 -0.463982 0.363397
-4.294515 -0.459971 0.361872
-4.286819 -0.407791 0.328358
-4.080920 -0.563884 0.241574
-4.217255 -0.503064 0.295339
-4.083911 -0.500349 0.251381
-4.397700 -0.354553 0.370820
-4.313064 -0.372664 0.146276
-4.523284 -0.558923 0.309881
-4.204692 -0.502856 0.255242
-4.347445 -0.631478 0.201709
-4.507786 -0.648126 0.445645
-4.456962 -0.644001 0.187441
-4.282452 -0.390565 0.214463
-4.456031 -0.641201 0.149221
-4.301732 -0.488544 0.262337
-4.406922 -0.600906 0.121519
-4.494252 -0.259013 0.355551
-4.563396 -0.575948 0.361220
-4.539277 -0.442485 0.230188
-4.614928 -0.382858 0.277545
-4.661155 -0.478103 0.356776
-4.567741 -0.598350 0.484421
-4.598655 -0.372041 0.166976
-4.537766 -0.410890 0.296449
-4.582842 -0.355463 0.190683
-4.482317 -0.544283 0.515144
-4.688974 -0.458431 0.350522
-4.863800 -0.454496 0.287057
-4.691891 -0.378749 0.268068
-4.817803 -0.331499 0.242383
-4.618755 -0.384485 0.189798
-4.767860 -0.653247 0.377318
-4.675150 -0.666612 0.287620
-4.866225 -0.427642 0.288746
-4.715241 -0.483576 0.239581
-4.939804 -0.660173 0.482402
-4.996268 -0.553158 0.294492
-4.912055 -0.299698 0.123526
-4.769593 -0.470729 0.231261
-4.796739 -0.583035 0.273926
-4.957726 -0.559312 0.396986
-5.010480 -0.509944 0.358124
-5.073455 -0.531204 0.302737
-4.754016 -0.548735 0.198791
-5.001986 -0.458721 0.251866
-5.006179 -0.488749 0.437774
-5.033489 -0.368776 0.350518
-4.933746 -0.331514 0.251012
-4.944007 -0.245129 0.397751
-5.067448 -0.387596 0.270245
-5.213424 -0.428658 0.382476
-5.149497 -0.596401 0.343977
-4.903882 -0.589878 0.436642
-5.215993 -0.528144 0.482842
-5.101123 -0.568108 0.045926
-5.049044 -0.508035 0.304540
-5.018394 -0.423096 0.178613
-5.146344 -0.498965 0.468264
-5.315985 -0.483888 0.290948
-5.209531 -0.481616 0.125274
-5.298940 -0.363270 0.299450
-5.307371 -0.524368 0.111173
-5.375003 -0.490944 0.301321
-5.376859 -0.475244 0.161153
-5.417180 -0.526846 0.289570
-5.384619 -0.544424 0.313727
-5.284205 -0.461712 0.073511
-5.389494 -0.423612 0.147927
-5.361664 -0.449509 0.262710
-5.425743 -0.379733 0.248796
-5.440838 -0.552721 0.289524
-5.532086 -0.486263 0.249699
-5.530691 -0.473268 0.204654
-5.555191 -0.435669 0.364628
-5.616361 -0.412290 0.298586
-5.621600 -0.530915 0.388964
-5.562005 -0.361575 0.443192
-5.581025 -0.369784 0.436447
-5.498625 -0.431115 0.310039
-5.584113 -0.383205 0.233963
-5.675095 -0.546312 0.184500
-5.692819 -0.409367 0.390189
-5.641890 -0.545465 0.544857
-5.732310 -0.631355 0.227018
-5.645704 -0.473035 0.173695
-5.730434 -0.623059 0.263658
-5.747289 -0.376032 0.437346
-5.720146 -0.484941 0.217012
-5.831139 -0.464978 0.334688
-5.820316 -0.501606 0.386896
-5.794922 -0.536233 0.399297
-5.833323 -0.498703 0.416481
-5.858762 -0.448392 0.215291
-5.764136 -0.378093 0.200900
-5.821594 -0.554918 0.331239
-5.939124 -0.467042 0.234023
-5.667215 -0.470152 0.346090
-5.843627 -0.488402 0.257525
-6.011192 -0.552407 0.272114
-6.110685 -0.337011 0.385205
-6.016250 -0.291725 0.363501
-5.999782 -0.420549 0.348568
-6.053536 -0.404936 0.132172
-6.093811 -0.650647 0.328710
-6.013798 -0.516399 0.465282
-6.023884 -0.355305 0.396652
-6.236041 -0.392102 0.204095
-6.170548 -0.236407 0.420326
-6.166441 -0.384239 0.257186
-6.347215 -0.374204 0.243385
-6.056284 -0.363304 0.245647
-6.184872 -0.374793 0.207157
-5.995822 -0.435928 0.211203
-6.031222 -0.320927 0.352545
-6.254012 -0.310698 0.206946
-6.213490 -0.569861 0.323638
-6.215642 -0.432684 0.314341
-6.292903 -0.290713 0.319880
-6.323896 -0.444266 0.314625
-6.318200 -0.443227 0.495924
-6.180503 -0.479501 0.340796
-6.208669 -0.606074 0.451425
-6.277577 -0.356099 0.303961
-6.321529 -0.362334 0.285511
-6.254045 -0.294145 0.333700
-6.446453 -0.313101 0.241989
-6.394088 -0.536608 0.168585
-6.665731 -0.691723 0.178190
-6.406839 -0.295514 0.498252
-6.559986 -0.371957 0.297919
-6.328312 -0.509765 0.055172
-6.443909 -0.503741 0.331574
-6.624684 -0.409876 0.373921
-6.618368 -0.430197 0.302300
-6.493519 -0.277196 0.285337
-6.594719 -0.213714 0.184979
-6.618547 -0.198164 0.458393
-6.648748 -0.528021 0.244027
-6.623113 -0.564425 0.192861
-6.744735 -0.310212 0.355295
